3:

5:
-910 -907 -160 -674 -491
-111 -270 -402 -352 452

100:
899 -93 888 522 141 869 171 381 308 -307 -885 19 0 609 -535 498 562 983 340 -209 545 -721 572 -303 7 296 152 -78 -739 580 83 27 963 -116 -621 -424 -24 917 175 446 287 -294 -787 211 393 634 890 163 561 53 -689 -100 456 590 471 -308 980 883 283 734 358 341 408 -13 814 837 746 -667 901 -781 62 606 918 997 6 -988 291 -550 824 -405 -186 -671 181 842 -674 -687 -219 -568 -85 -39 637 -573 723 -48 -642 770 -361 -281 797 418
771 757 -498 -627 -808 -879 344 995 -841 -892 77 258 86 683 -9 273 417 644 -546 496 -990 -709 391 -184 917 -373 306 -265 -569 782 -38 -963 630 184 -641 -129 861 -182 -410 -826 0 -190 502 316 -347 -212 128 -606 330 -444 -955 676 310 943 966 167 204 730 -49 -53 -520 605 -970 -16 185 -793 -891 120 973 779 40 -325 176 -765 -260 -431 -115 -234 350 -655 -297 392 559 -19 275 139 -949 437 331 -430 18 -1000 -528 -898 -816 68 751 748 -858 772

500:
